1 6.136889 12.273778 -1.449697 -15.946674
2 6.201838 6.203818 6.11623 12.23247
3 6.1000586 6.1000586 -1.811217 -10.867302
4 6.2882857 6.2882857 6.244075 12.48815
5 6.2117305 6.2117305 3.137898 12.551592 
6 6.279543 6.279543 -2.30385 -16.127823
7 2.177396 6.5321884 1.39028 6.9514046
8 6.257842 12.515684 0.09393 0.3757248
9 6.3286405 6.3286405 -5.0594 -10.118807
10 6.3411527 6.3411527 0.084026 0.16805267
11 6.316078 12.632157 -3.398966 -33.98966
12 6.3086576 6.3086576 -4.10272 -82.05444
13 6.2083654 6.2083654 -5.69605 -22.784218
14 2.123906 12.743439 -4.85233 -14.557146
15 -1.74149 -10.44895 -5.956605 -11.913218
16 -5.47677 -43.814156 0.146186 0.29237223
17 -3.83995 -23.039797 
18 6.2791553 6.2791553
19 6.287764 6.287764
20 -2.8380 -34.05657
21 6.259433 6.259433
100 -1.1028 -5.514398 -3.37405 -16.870525
101 6.25108 12.50216
200 6.3217835 6.3217835
